62951
6358
18025
51343
30971
28858
3546
39955
2658
38493
32800
53226
47253
67183
58373
39941
18031
49518
17302
51357
48606
8361
53540
62945
63483
1423
67815
30795
40272
4573
24086
12534
23931
50707
40514
26691
16746
36496
32828
24092
1379
42317
54213
12246
32196
35821
46617
62992
43784
25401
63332
22408
23716
55680
56389
28643
21101
61531
47290
67140
21115
35160
13819
44941
34518
63440
25415
67626
5686
37011
51394
61257
34530
63468
12291
60161
66510
11940
37039
16949
16791
39772
70414
29561
13831
15298
14186
59092
26120
11954
34524
52879
8611
53030
1153
5335
28482
56148
11203
57256
67395
47723
45134
54039
1621
12078
53742
8163
66921
59509
17100
5447
71285
3988
51633
29950
5321
3750
22805
42129
54993
46367
29978
58159
3778
24284
25824
11559
40070
68924
4765
16222
49726
9241
23299
42673
22187
59253
26487
40702
16544
19844
404
54944
34068
63130
45849
25165
65227
362
36119
49915
28333
25617
23500
67342
38646
27766
8836
23528
25159
69347
3963
19878
10684
27028
47904
30554
20747
21459
62574
22144
36131
10848
26322
17841
29777
51814
16587
3977
40919
42049
63087
7456
10069
51753
18435
46549
59469
48564
45040
43425
38097
5533
20800
3142
17712
43343
8771
56000
44404
25788
54171
68850
26281
40104
46561
58987
59441
19065
50303
16356
43419
54165
52272
44410
4177
50465
5269
49134
28535
61653
40845
37415
21277
67222
63044
45083
42934
56941
71326
28253
67550
21505
68663
18384
564
41597
66128
68105
40689
32551
66100
3817
11388
26524
51974
39362
14596
15844
34652
25987
1972
32223
68887
32545
34134
558
65192
53420
46993
18151
5725
38281
7654
63291
14019
45530
46039
51545
41756
28938
48772
5731
18145
1557
55045
15461
8215
7126
26083
59657
10531
44160
35799
7668
56202
31299
37830
26929
10243
941
22597
65804
14743
54367
19267
67975
21920
10525
56570
18179
27362
67746
21713
31500
52925
33317
62158
31266
41959
61451
16801
30178
28723
63252
54398
23110
61323
37165
38256
20419
47482
25549
43814
62602
59694
30622
66464
11834
26040
69031
8598
23886
32753
26732
67008
30150
10280
28079
66470
37159
60001
65179
60766
13950
65178
14781
63509
60000
31529
37158
24656
55911
20356
38519
39607
43183
35015
50841
37602
68306
3382
67753
19299
57848
18187
48968
27377
52924
46951
67747
47497
38243
71125
28736
16800
41780
67021
21074
9863
35001
13978
773
9888
44613
19500
16633
39808
18178
59642
21921
42504
52717
62818
52703
2077
48983
36291
11148
37831
17539
20395
52065
1218
43168
54414
7669
28939
40449
11160
18622
46038
60941
32961
8572
15460
42538
38280
21909
62824
7133
45243
55736
1224
54428
968
47332
68886
16394
21538
29164
26257
60202
22031
25986
34653
559
30353
26525
39405
66101
20154
9485
64716
33896
45900
63079
42909
34647
33128
30421
61108
49684
60216
61120
47859
28246
38055
56954
36078
47681
67551
21504
51785
61646
19925
565
43381
25004
33672
571
65434
54831
53186
35203
21276
39439
38727
27161
37372
70039
40111
69583
36939
19702
27834
32587
42060
12643
8980
20197
56001
50470
2275
51008
49647
63904
15892
25789
47642
58762
54158
8016
7325
8770
1032
51746
47124
29831
10068
57323
33869
64931
6749
55252
13207
15676
56983
28291
41227
17061
60376
39203
9283
22145
32356
30227
17698
36656
60410
19879
70617
27997
17854
23529
22151
60362
21458
56808
36124
35405
49900
31663
70159
21470
67425
37212
61054
41384
27767
28454
68070
21316
67343
26479
411
32418
61726
2498
57294
10861
68702
67431
5491
71253
61040
27015
30569
33060
7286
56607
50276
26486
70818
27798
49041
54776
52313
24285
15058
58158
3779
59246
56175
10120
46366
11558
19104
44217
7279
12051
14420
31878
55332
13367
45121
6629
64851
15070
61929
58170
70824
41421
3989
38684
47044
48377
29945
38690
45653
54986
53757
34914
54038
52449
9268
18226
41353
11564
69150
20236
27559
50909
14193
32154
34525
71079
36332
39001
26135
29206
24044
55865
36440
70415
41810
39773
20222
30031
35161
13818
64448
63327
25372
9903
47291
38445
37776
28130
41186
51395
43949
175
63455
52850
14805
35613
65024
28124
31475
31313
70429
28642
61524
43008
23924
6417
37789
17459
56363
19312
50074
40267
59736
49525
52663
9042
14636
62978
14622
9056
6365
2103
18018
2665
57069
4214
68299
16753
42302
17465
26860
18756
41623
58372
3553
67182
19448
43034
13603
63482
52887
43752
61295
49519
30970
69805
11766
67828
6359
55124
42458
52893
53555
7721
65959
65781
51424
17471
39954
11000
28859
4228
17301
59708
8362
63480
43750
65797
13601
7737
48163
3551
28697
26862
41635
56349
49269
60823
26876
65783
8410
15502
63494
52891
13173
17315
41153
57731
30972
35822
14634
23098
56407
67802
30782
21857
48639
50710
37953
56361
9726
6415
65973
23926
44765
9732
6401
24085
23932
4216
40517
69185
56413
19304
4570
52675
23067
53580
38447
2854
25370
1385
45490
23715
605
27573
3586
71053
61240
60176
70365
39003
22423
7910
49282
60610
59085
30033
49296
66275
36442
60604
64462
55867
14185
34255
639
24046
62013
60162
11943
20546
21880
17665
8606
15072
53027
43234
65595
9518
45645
53999
56639
41351
6159
62588
53755
53033
51624
38692
29947
4028
48375
33937
1178
52305
46370
40701
10888
44201
6165
25827
54006
2303
56611
20787
56177
38876
16553
50506
36683
12735
54760
6830
31107
67341
40926
56822
67427
60348
43591
32368
53782
42857
34719
42843
23271
65224
28324
71251
5493
51181
39229
49916
38889
56188
23517
12912
22609
51817
60412
27981
69350
8821
32432
9281
62563
10693
31885
26321
10687
39215
70173
32340
62577
53972
8835
15099
17856
51803
11360
60599
18422
51744
7441
13211
51022
28287
20803
58760
48573
17063
41225
28293
57447
58774
3155
47654
48567
15674
1742
1024
53147
7455
17705
51750
12655
32585
50466
40675
2505
10042
20181
18378
10724
44375
15884
6005
25947
52517
15648
24495
42710
25953
34686
49645
40107
4606
4160
19714
61877
31098
11348
10056
17739
20195
54614
12641
6944
63053
53190
35215
7482
61644
41594
28522
69218
38731
26269
68660
19099
10903
54199
25760
33116
3196
38043
37416
3828
21274
29628
43397
53184
65436
66117
60566
9493
65378
60200
17088
60214
62403
229
25990
32234
9487
66103
58562
3343
57651
28085
51220
18146
13013
55046
24867
53437
7643
60943
41755
50880
39836
56229
3425
11162
17507
60957
11176
8564
42248
24873
15476
28091
2049
51234
38282
18152
45269
6207
1568
42506
19264
26094
40311
69783
30190
2707
59126
58238
3419
40477
50664
16631
23852
54402
12457
52073
53379
65813
10254
30184
19516
57679
40305
48981
9120
55085
1597
28046
61320
71133
41796
50843
9875
32778
33472
7694
26719
67023
20368
28734
28052
63523
48956
69740
49490
70211
36244
5915
64264
24898
24640
35995
62615
7864
24126
9691
25238
26731
69032
66301
62167
9685
65608
995
55913
23885
43817
34447
35981
30621
48942
11837
57862
70205
60016
26043
29370
9684
36537
39162
70204
61309
32037
14782
24899
69999
5914
60003
21739
10282
20341
69027
39610
60765
32745
22556
27406
41783
37615
5082
31264
63244
53387
59872
27360
61335
1596
62628
65147
44189
63536
53393
65621
44837
60759
31270
50671
19517
10255
49320
42275
32792
44604
44162
68488
48994
67977
56572
11639
19265
34491
52072
65806
15339
19503
40476
2706
59127
32976
13760
62199
53344
61490
39823
50895
26903
17506
46749
5727
2048
40338
24872
12318
1541
8217
15463
53436
24866
55047
67793
47325
50659
11163
56228
41754
60942
18621
1233
43143
25749
16383
39360
60573
20157
66102
22998
62364
34122
33659
29601
39412
61679
68885
25985
61137
4820
71324
1958
34678
62358
42088
67220
68113
68107
5294
69219
8968
35572
42922
23310
20619
18386
3183
36090
3168
10731
6010
12126
15649
52264
14231
20194
10057
27823
20180
30393
61862
48228
32584
8997
23489
25946
6004
4613
26297
27189
59443
2262
18379
31933
48566
38081
51751
5243
3632
48200
55523
40890
61686
3626
4149
20802
6038
34730
1810
26334
29007
47906
69345
60407
26452
29761
58198
34056
62210
45863
14392
24251
3975
66062
36655
26320
10692
9280
39228
67432
38136
65225
22608
45693
23516
27770
38650
28457
40927
6831
1186
34718
7291
25615
41387
61057
46403
20786
42665
14345
42103
36682
50507
57268
2464
51619
54775
22185
54013
12046
33088
14437
25832
40066
19113
7246
67397
58167
41436
19885
66089
45650
7520
53032
52338
39599
48360
19649
11215
17664
71287
11573
13364
55331
53998
45122
638
23728
13833
36443
48837
30754
10484
36325
8388
43976
61269
29211
60177
31338
36457
17499
37749
14190
13827
32631
60639
28899
67156
37761
18782
66248
38452
63330
37007
46826
31476
68517
70358
63442
35604
1384
25371
57081
16963
69184
16988
28866
44770
15259
65966
6366
7078
2100
50077
10453
12522
52106
18769
27599
28872
45452
67195
3222
61282
71091
8377
62953
13166
15517
8363
4559
30967
69812
60188
40258
17300
38485
10309
28696
41620
47251
67181
43037
32816
3568
2676
41618
52102
9723
6410
44760
23923
17338
67813
46605
50067
32184
12254
22397
8429
65962
37942
46163
55651
44984
15275
49278
60832
18037
69816
15513
45324
9079
62957
9
11761
67191
16768
47241
51423
26873
18745
41630
10319
44990
45456
53234
8415
9938
628
62002
14194
34244
20231
68249
21649
20557
43972
62764
12283
33259
35628
67608
26132
29201
48833
66270
37981
18962
18792
57085
60629
35166
1380
45481
25413
67620
31466
5680
28123
71056
23076
33265
62994
7083
39990
27576
68261
14433
8159
9521
24296
26481
17648
36686
40710
26495
7518
13348
6160
44210
15739
49734
41368
1627
3030
20972
16218
18235
17106
61090
4987
70823
5327
58177
45898
15063
53036
45654
1155
36862
41432
28484
17674
29942
57250
18221
53750
64117
1800
12081
34720
9284
66700
37229
69433
10696
36137
70604
17847
3971
34052
22630
39576
21339
70610
69341
58822
60365
39210
22156
15922
61053
43594
25611
23260
45683
54956
12903
21311
57287
3795
68063
57293
27774
18584
3959
38654
29981
45697
402
64881
63136
6821
53793
25605
5496
38132
66728
56774
49654
46567
25942
52512
13228
8993
45708
12888
52274
43379
11359
30397
61872
51769
20190
12122
44364
25956
34683
14553
9327
2272
27199
18369
46573
43423
13214
28282
18341
38091
51027
47645
48576
66853
48210
61682
9469
15103
53156
45720
60588
4159
2528
18355
48562
45046
55255
14584
25759
59484
20147
3805
26536
39416
8788
35238
22744
45907
12687
24335
8944
20153
17927
51972
68895
62406
21503
57495
27172
45091
35210
63056
6799
5290
19922
28527
41591
68103
5284
38720
40843
70758
22778
65433
1784
54188
25771
35562
19088
10912
49867
66884
31704
49330
50661
53368
947
6564
57668
40314
50107
46765
26085
36296
19275
50113
69792
10537
21932
35947
6216
7108
43609
12446
5079
19513
40466
44628
55725
1237
39833
26913
18625
47321
59679
41036
15467
1545
30803
5723
60952
8561
65619
7861
60761
69745
20423
29361
70214
15498
32027
62604
60013
29375
16185
70566
26720
25229
13943
5092
25201
25567
52937
24679
38250
69779
37163
56589
21701
67754
68467
28057
67998
45287
63240
43190
7691
50852
27402
51594
66338
23103
63527
47491
68472
5939
27365
37176
71123
61456
28730
40498
21072
7690
33476
44826
34319
33462
28724
21066
47485
56588
23117
26047
14793
22221
64512
749
18817
36532
66311
37638
31249
55903
64506
26053
11827
69744
5722
38286
48761
39198
63282
39826
47320
13771
15300
44629
7647
24863
55042
41037
43608
44167
34480
45279
42516
48985
10536
50112
40301
11628
26084
2717
13759
33489
15328
37823
21099
20387
10244
56211
10522
16153
48749
50106
19260
44173
23467
50489
70981
37412
49866
67543
54189
211
1949
63731
25764
205
46599
60238
10907
31077
6798
563
67219
10091
30341
66107
9483
33648
62361
32556
33890
35239
1961
32230
66661
20634
28268
26245
31739
68880
70017
22037
53816
23329
25980
12692
8789
21258
29604
30355
47136
58016
45721
13201
44359
3151
16379
17067
18354
28297
18340
55240
8010
15102
55526
64923
19738
3623
12645
44403
9440
52261
10052
2515
48239
50476
26286
49641
2273
55268
42700
52513
6001
12137
36081
46200
55485
33700
29980
38655
29758
57292
21462
56832
32378
43581
25610
56826
31665
51191
29994
69368
37572
21310
68076
6834
63123
24268
51807
32422
62573
10683
47903
69426
69432
53962
62567
22625
14397
34047
20032
59297
58189
17675
51620
65585
7525
53037
7243
13375
51146
18220
70188
18234
71282
58610
62598
55452
53023
5326
41427
52315
43218
31856
4776
19102
50264
52473
25823
8158
30584
40063
61913
19670
50516
63453
61244
28122
70349
50927
37764
99
55687
1381
55693
9905
32608
21112
60628
51393
41180
67621
7096
35601
43797
63447
42489
66517
11947
69624
24724
33258
9093
65778
62017
32620
26655
16782
36452
18977
26641
66265
34245
14195
23739
24056
9939
24730
57906
27239
26127
4548
47526
18022
17311
1430
45331
24903
8414
15260
42338
55644
28687
41631
17477
56359
60833
5124
17463
38480
57047
3555
43032
45443
1342
13605
55650
55136
15512
62942
63484
3233
71080
51350
35832
12255
30792
56417
2663
49251
46162
50700
12533
44775
14142
65977
72
9722
4206
47268
20595
46610
2111
30786
59730
56403
52665
54214
12241
32191
7719
28861
37799
69183
41169
10440
16031
53579
21851
57079
36493
19470
69197
6413
34284
52101
25389
3543
19458
67192
26870
18746
58
54558
7043
55120
61285
51346
70388
69801
3225
47530
5898
3231
63486
44039
7057
45327
1426
65791
32811
53223
11010
3557
58376
51434
66298
59068
55861
32622
7902
24040
34253
9091
12294
22357
11945
70363
66501
11951
63479
12280
32150
64316
15289
22425
7916
33528
14197
69154
60616
18975
13808
25362
23713
36478
2846
59901
31471
61246
11979
52854
63451
62997
23061
52698
33272
25410
62983
7094
67623
26119
27207
57938
69168
27561
18949
47295
2852
1383
44944
65752
398
42662
52471
4774
10642
2463
46362
69381
18578
61905
16555
8628
42104
9522
46376
36691
11548
66918
46410
14430
22182
7269
18222
71294
44549
53035
54982
55444
3999
29941
5330
61939
57253
28493
70820
17663
18550
43232
45643
55450
7255
17105
66717
10859
67409
42879
32346
15921
53974
63109
22633
39575
31129
60414
59295
3972
23539
8827
62203
22627
22141
64114
12082
62565
9287
58835
47915
21448
53790
71257
31115
51839
28444
19841
29982
1195
25174
45858
47097
3796
57284
37570
18593
38125
27005
31667
53784
42851
43597
62559
34680
1778
31920
58028
3609
47108
16421
10050
12647
22790
32583
12653
19706
10044
2503
31934
19060
20839
25941
38086
51030
54148
43434
8006
55256
13565
43352
3635
50448
29835
5244
48213
47120
62388
12109
34870
7321
45051
1750
51024
17071
56993
3147
11400
20636
38079
33892
32554
25028
30343
60574
37438
66111
10087
12690
24322
12848
25982
60206
68882
20622
45086
15869
36068
61130
51795
5287
41586
27603
40698
35207
53182
63041
32568
575
33676
7484
43385
561
12874
20178
5293
19921
31075
26509
21266
68666
57496
28242
27171
61124
38051
69578
37362
45092
23317
22586
14034
39818
59134
30182
10252
19510
40303
69949
16145
49441
59652
10534
34482
53419
8238
54376
58558
26092
16151
69785
21925
2067
41009
56213
46000
16637
31288
32781
23854
65801
44617
7679
14020
61497
39824
2729
17501
40459
53343
15316
7651
32971
6229
24875
58570
67780
48763
10508
30814
51226
55040
62834
7123
24861
63294
15302
978
45535
61483
57131
3423
16838
44818
64510
993
17298
57864
30627
59691
29376
31539
70203
49496
69746
59685
48788
25558
32024
35993
34455
14785
23129
62175
55901
41974
38509
23667
57858
38247
46955
33312
32018
25564
45290
71135
11819
66449
27373
60038
21702
2926
61440
41790
65626
43187
63257
25202
21703
27372
18182
65141
33307
63530
13969
64539
44831
65627
41949
69009
16805
61455
21071
67024
7693
25217
33475
55096
52921
14974
35762
67742
46954
71120
57859
48789
5912
29363
59684
57871
66474
49497
38508
50878
30154
41975
64505
13955
64511
992
32757
24135
34326
16839
41961
59848
29377
31538
11830
49483
62606
1553
41034
21918
28082
46983
57656
17514
18627
39831
45534
9669
43145
55733
1221
45520
53342
15317
63281
37808
26905
60950
39825
2728
28096
41020
17266
48762
8205
1547
41008
48992
16150
40316
15459
6200
52074
22593
44616
11159
48038
16622
20390
51569
39819
9641
951
13982
65814
55069
48986
16144
69948
28525
51780
560
6943
35212
206
24479
55280
61125
31712
21501
67554
37377
71322
38044
61131
27164
28257
30418
49865
67540
33111
65357
23302
23464
43390
32569
25015
35206
61657
9494
24323
63068
29607
10086
66110
20145
20623
69545
59486
36041
15698
62410
62404
20637
58954
56979
29613
26520
20151
69237
54808
8775
44428
7446
36900
51743
61858
3620
40128
5537
31909
38093
8013
12108
55257
57440
58773
56986
51031
41544
49118
51757
50449
57326
13564
59323
10045
12652
33844
9457
24486
6002
52510
16352
36082
69586
4601
31921
59451
7308
12646
6770
9443
41578
56004
50475
27825
38905
3608
46388
38642
29997
2489
21313
35366
63120
1180
45681
62558
35400
67420
21475
38124
68707
31672
37203
366
54798
25161
63134
64883
29983
20019
19840
57291
39548
22626
32435
23538
20031
60415
16583
70606
27038
47914
31882
58834
1802
8198
34736
62570
32347
64101
10858
26332
61079
66716
59280
26454
27992
70612
63108
24243
34050
12929
58175
67385
47733
57520
25808
55337
8173
1631
51145
58607
16568
67391
10119
36860
13410
33918
40706
26483
27945
69394
10131
44560
12726
34939
12040
9245
56602
50273
40060
20780
48428
57508
32384
44212
44574
53008
40712
16554
2462
41183
62982
7095
33273
63322
70438
39986
56399
18790
65747
63336
63450
14800
34508
23074
71054
41197
40289
46820
60159
67636
62766
46808
31458
67178
59096
34246
64471
22424
14182
16795
18960
30034
49291
66514
48831
26130
60165
70376
52869
9090
13160
24914
3230
69814
41626
48164
28848
11011
43031
53222
32810
44986
43025
52128
13612
51421
18747
58363
57050
30975
49508
17312
1433
45332
8371
30785
35825
9047
54571
44762
9721
6412
46175
69196
37954
57078
40504
49252
44776
7718
45468
42461
35831
62969
54203
21844
32863
15204
53251
47224
50980
17413
18720
17375
18046
11704
30912
62932
65091
14668
17361
38382
46648
5626
41127
67686
41899
11076
41641
50994
3519
40577
56315
2607
5168
65907
12557
43718
1468
52615
6307
37099
46660
49553
56473
10426
21823
59740
4510
50002
16057
56467
48881
4504
9020
54516
4289
43081
7780
7958
62729
33200
45396
63437
25462
52832
5829
59967
27275
31403
21610
18091
23007
63345
53286
27507
20268
51491
12594
659
24026
20240
70477
41872
5815
39077
57976
24998
24754
34547
15589
58489
39063
30721
30047
70463
31359
32650
12580
55813
62067
13311
8114
15760
56895
67490
47998
5430
18522
40991
61787
3727
47026
15006
7541
6887
22872
63184
51650
36813
17163
51136
13305
43532
36185
49989
9236
44513
42162
49037
46304
10142
48329
50566
61963
17639
30286
50572
61977
7569
12741
32491
45619
9222
42610
35498
15748
36191
47768
68953
28344
26369
49976
31615
35473
33002
301
33764
7582
63153
69318
38631
51687
5381
61750
19833
27705
53084
64628
7596
6850
42837
315
1681
28350
10817
56842
21412
24542
4909
49792
37258
16296
29066
51863
67309
8855
34037
8841
21348
3914
66003
30523
68990
66765
36152
26341
60314
25648
24556
62503
8060
7353
34802
1722
18330
20877
48507
39498
58072
19990
5222
65495
45745
1044
8706
1050
47146
70932
51724
17017
3121
20863
48513
15600
44329
13271
62488
5578
10750
33189
42016
7409
19774
17981
2571
17759
4114
36783
68199
40615
56077
51718
34194
54660
33823
22090
54106
32283
6065
20687
31952
4699
67527
37310
38023
275
23365
42957
44498
23403
45786
33610
62339
27665
18495
38745
29890
3690
56088
28542
37462
68166
57396
31013
25066
55581
43485
39329
37304
4855
23359
29112
36032
31985
47813
32526
62311
36998
69244
16490
67269
36740
70715
29660
60506
11499
39315
58927
30457
62477
34631
65318
1911
65697
67080
2997
47350
47436
58516
61397
51254
24813
62846
15416
13073
62852
24807
7145
58502
41053
5752
38590
17573
18640
28783
53331
43122
49341
10234
19576
8538
52007
44103
19210
59634
49427
19204
50162
16137
46700
49433
52775
42566
54462
12437
13729
24185
4316
31205
57180
2954
47393
19589
68370
28754
65654
63225
52946
62885
35705
24608
38221
46933
21764
31577
46927
25502
62891
6298
63231
3486
60738
66349
18683
16876
62107
22523
13926
55973
60710
37890
37648
17598
20334
21994
48922
36230
30899
5961
29310
35739
13098
22251
8289
57816
11843
20446
26037
60704
39671
48088
59185
739
62113
22537
21759
70270
20447
66412
30654
24621
34432
12393
32043
9828
14084
23628
7805
16693
68359
18866
59190
17599
69053
31238
26744
18872
32731
65669
62660
60077
30898
36231
11856
61369
31576
36219
59806
38234
27314
27472
39894
18682
68365
21003
57195
3487
63230
25271
35062
33413
44843
37675
20309
68371
47392
2955
70258
21771
27300
61355
41085
24609
23166
65133
22278
44116
12350
32080
2000
59621
50605
28966
47379
26793
2766
14047
23833
52006
24190
53318
937
16644
40402
26787
56260
49340
30683
56506
54311
14735
8277
52748
32902
65682
1253
44894
7622
2982
58265
3444
5035
18641
17572
2996
60936
42229
55755
64588
15371
53442
43651
45220
18133
5747
59609
69912
67268
20123
59386
34156
45977
6919
32241
9394
28219
66610
31990
47812
69537
20651
1904
23358
62304
64775
3875
55580
23416
47184
68167
61625
38036
51080
21567
67532
56937
7385
33163
65331
27102
56923
67240
55594
33611
64749
25073
44472
25098
42003
24386
14245
52210
34195
51719
56076
17994
10745
56710
68826
2202
46503
18319
31953
25926
42765
25932
56704
46271
49142
40600
12620
51725
46259
40628
57354
48274
4129
47147
55543
13516
42981
8075
47621
51043
58715
66823
20876
11473
4883
71387
7434
55557
17764
18457
70927
58073
11315
30244
69331
39506
64615
8698
62264
62502
34744
26340
65279
1870
22132
64601
9592
61779
60467
51862
25113
35300
7597
53085
64629
23562
61751
5380
21375
3097
66980
60329
21413
10816
56843
37271
1680
314
1858
55386
26368
39248
19198
56857
38156
37265
28345
51686
35314
23576
24219
6676
12998
8883
32490
12740
7568
38803
10157
17638
68952
40006
19173
12026
15985
55379
52416
31833
68946
59543
26397
36184
4713
16254
4075
49036
32484
33942
48300
47033
58113
70847
18537
5343
6892
7554
8667
15775
18251
28392
50229
67485
28386
10619
47741
15761
43241
58107
17610
30720
57963
67678
35658
62700
32889
9784
55812
12581
26624
2809
41867
70462
37729
69133
28609
18906
23748
55806
9948
69641
16095
26156
5814
60103
52827
25477
63422
116
1482
27260
46852
3295
26618
2835
38426
44923
25311
65721
40589
68205
5196
60881
51484
41697
61221
67888
36379
47580
52600
12224
50017
68588
67863
49220
10355
56300
40562
4263
42375
9747
44710
23953
65906
6460
14127
40576
28806
47219
67877
34591
52614
1469
40238
58477
28190
12218
53522
15577
26803
51453
41898
56328
50981
39937
11063
8471
53250
7742
43043
63393
30913
39089
3242
28184
57020
26801
5143
18737
13662
45342
21808
11713
47555
67685
5631
69864
67691
62931
35869
7740
11061
60698
58307
18723
5157
6476
15
32848
12540
23945
4261
37930
2610
46111
69694
4507
35841
53508
12232
54267
24780
14643
9037
10425
19401
2604
20280
699
54501
63346
61551
41859
37071
55192
34578
14870
25475
46844
68561
18086
27276
61223
61545
41695
37703
5194
9976
63352
666
10394
20257
39706
70460
8498
7973
128
43914
22326
39060
16097
17389
11920
62716
43900
13851
22454
13689
20243
69125
67108
60667
48464
58677
57544
66799
14469
15777
63187
40986
3730
11277
41454
56128
63193
13474
34975
43525
7224
67493
57550
17174
18247
9221
63805
15993
54071
26381
10633
2374
49746
70879
38801
61974
50571
22681
33954
8659
12742
22695
54703
9553
5369
49034
27935
4711
36186
19165
66969
69482
25677
10814
57587
37515
12965
6853
25111
63144
43294
34008
54924
65521
7581
63150
40789
21363
58878
37267
56855
35470
64159
45197
23212
68993
30520
39262
15788
25893
53905
63178
60471
17821
31158
69333
20055
40979
29703
458
24227
33983
25887
34752
58844
20860
19039
8077
55227
52548
65482
51727
11317
10009
65496
55555
42029
7436
64788
51055
5547
3136
40158
66821
48504
42767
25924
2200
19763
27855
26593
38975
40616
56074
2566
49154
14247
24384
15159
2572
59435
23372
43486
29139
68603
27114
66148
68165
45949
6927
32519
45791
33607
54850
23400
33613
1084
20109
31004
31762
21571
56921
5584
42954
53681
20647
10784
27128
24421
34632
1912
32243
25059
14284
69247
70716
39470
60505
30326
69253
39464
17941
51914
8922
15830
61169
17570
37878
4329
48074
53332
15367
8275
24804
62851
69904
57632
71193
69910
58515
21968
55031
15373
53326
54449
52038
32914
18657
38587
48060
24186
14045
52010
46065
39869
2764
21798
46703
42565
53468
22291
14737
13058
44100
30859
19213
4467
3308
40366
20492
46071
69092
2770
56262
10237
28970
44666
935
34381
706
55780
57197
68367
56289
28743
71150
37105
21767
31574
62892
52789
52945
63540
53483
62886
23164
28031
5786
37111
66438
46930
38544
55794
63226
66376
49395
20323
33439
22534
36227
11698
5976
26034
21997
30642
69737
70266
5962
25529
52979
32055
24637
62662
24151
29475
60713
39666
41905
70500
23159
34425
32054
25528
26021
66405
36554
39667
37892
55971
32726
15399
24144
49394
67069
60060
29306
59839
66411
34431
40398
59811
21772
51295
11869
41086
23165
62887
63541
14911
32068
63227
45586
23603
713
39883
50821
2942
70529
3484
57196
25266
63233
24178
33404
23171
7184
26009
46925
21766
39129
68400
5793
57828
67900
32097
24193
23824
10236
60909
68399
16653
57169
2765
46064
49357
9630
14044
22290
8248
55018
49431
67914
21941
2003
69939
62844
24811
53441
17203
51256
71186
5744
3335
11672
30864
48707
19548
41723
60935
5022
55756
44883
43134
7635
65681
47346
59178
5750
48713
44129
8274
12838
63019
17798
49182
30327
31987
60276
26223
15831
33148
1913
64004
34633
36024
56908
51901
16492
48288
27897
69246
30333
34155
23429
51929
31005
67243
61632
33612
45784
12804
25070
63025
42955
28232
69508
49800
36018
21564
53694
23373
1091
6926
57394
18483
19945
27673
69291
59352
61815
4102
24391
55568
14534
16323
19010
20849
20691
66808
17029
31950
25925
52575
9354
22092
35288
33821
9432
10020
26592
16451
19762
4116
51732
19992
36971
61829
48505
57425
11470
3137
58716
31978
45021
42996
52549
1734
15602
58702
3123
41253
36965
56049
70930
11302
48277
65483
54886
45753
32444
22657
34035
23549
459
30253
36622
68038
51861
29702
66773
27049
47965
15945
34753
24554
33028
35459
66767
69454
47971
30247
37528
29716
22643
34021
9585
62267
70893
61746
19825
4089
60458
6846
54925
1697
62529
63637
21404
31603
56840
47795
70139
67445
56698
28352
317
63145
53086
7594
54931
33772
61752
41482
37514
38627
40944
51691
26419
16531
58138
40777
30290
20083
6661
64819
15038
54064
43518
24583
37299
26394
49747
56667
26380
57579
42612
6113
9220
12743
50570
2413
70878
18508
46312
8670
47024
58104
38828
3725
70850
40993
17175
38196
41333
43530
45141
51134
28391
59568
41327
11510
58676
3731
45627
22864
42148
55434
63186
63409
14681
48854
59781
26633
41870
61578
883
9787
32652
26627
36434
59795
30723
39061
16082
60114
22327
62703
31415
33564
18939
50799
37702
50941
36408
38425
5181
33570
6488
43097
1481
33216
66559
11909
67647
3296
31401
56471
2163
42404
52171
20281
46110
17439
59030
28811
32691
54514
45419
14
14656
13139
62918
50014
2177
59756
46676
5618
35868
67690
47540
69865
11706
51322
38394
18044
11060
48115
12569
63390
7999
13677
1330
45431
1324
9778
3533
57021
48101
57747
49579
38380
5624
13105
62924
21831
50010
4502
52607
24791
55168
42414
10
23798
52161
22486
54510
37935
50776
19410
4264
2615
50762
49233
46100
30096
56313
45409
14120
844
15558
59746
30928
26192
67858
28197
41647
55632
7751
65929
43050
63380
12579
1334
55626
52149
23968
54538
63394
60845
18726
51440
50986
38390
30914
67694
69861
24961
43911
62707
28168
49582
11931
61568
29510
60676
41860
39703
36430
55815
35139
893
23983
24034
33548
55801
12592
34233
30055
21158
30733
62713
32124
22337
35663
22479
55829
23767
61554
50951
16904
37706
61540
50945
36418
13868
9973
63357
33560
23015
55183
32118
63431
38353
29909
19612
15028
22684
33951
52405
12021
50212
16247
49743
57569
26390
4714
48449
69487
51118
31834
58882
56677
25841
14322
52377
49031
27930
38810
57227
57541
67482
1650
65281
7221
1888
15766
12009
3047
20905
11500
67496
56893
4728
47746
31808
18242
41337
10178
36801
51642
18524
57233
23559
32454
12784
25128
64612
36632
26421
30243
20050
66005
66763
27059
21428
53900
24550
62505
15799
35449
32326
15941
49794
68982
39273
39515
29706
8853
63169
33986
67327
41486
38623
37510
23565
32468
43291
42831
313
18295
31607
21414
28342
61024
10805
25666
1693
65242
33762
28424
38637
20078
37504
38970
4112
33825
8728
12155
44313
68821
56717
46504
16333
57409
68835
30486
46510
31798
34838
12141
14530
1718
24395
52203
9422
38964
3669
4106
36791
50414
69295
41519
22914
6739
8714
58060
16469
3899
38794
28587
19982
31968
17011
5556
66830
45031
55222
13277
34804
7355
41243
19028
66824
11312
50428
67284
49179
29855
51736
56059
22900
54896
45743
63009
8933
14281
34151
31029
27893
16496
36020
70075
26233
61178
58921
9393
24424
1917
34623
24430
1903
19969
51911
25048
529
24356
37464
57390
33602
23411
65444
23377
21560
10965
49810
4853
67521
68612
49804
29128
51093
58909
33170
15809
45958
6936
33616
29896
27663
3696
17978
4476
20483
11886
2007
67910
924
56273
60919
4310
10232
46074
16643
28975
68389
42212
35924
9146
52767
22280
54316
32093
11892
21951
56501
52997
71196
51246
56529
18646
48071
57151
54458
53337
55746
44893
12419
65691
5026
69915
5998
11676
47430
17207
62698
8264
62840
12394
52968
24626
23149
39111
68438
16694
60702
20326
33428
67079
39663
36550
70505
49384
66367
11851
37128
64216
12380
62667
65108
28020
53492
7180
14901
65120
23175
43859
65646
1297
703
63237
3480
29458
39893
50825
38555
50831
28752
18691
1283
44844
33372
23161
65134
71141
41082
22518
9806
61435
67044
39138
67722
59814
68411
28035
48919
27306
20469
37115
63544
43694
34408
67736
27312
30108
57193
2947
41929
702
33401
69055
61409
26742
29471
70504
39662
9184
14928
22242
59828
26024
11850
36223
26030
10582
30652
66414
34434
24627
52969
32045
29465
41915
58277
67087
4339
28790
12418
43131
44138
8265
15411
6248
55035
62699
67939
61384
5755
58505
52996
55021
32904
43125
19559
17574
38597
60924
26971
41732
28784
68388
28974
48058
51509
18109
46713
11893
49420
22281
52772
67911
59627
46707
46061
49352
1269
925
38024
31766
3697
46288
32509
35266
65445
12815
33603
500
47182
19798
26568
3683
51938
27676
18486
40835
71356
4852
56931
35514
33165
47814
49839
26226
21549
24431
32535
48299
36753
19968
3873
71418
27892
31028
30336
49193
66170
3867
34150
65479
8932
63008
64767
22054
15820
34636
60267
26232
66825
19029
17004
51051
61192
1725
9379
7354
63785
15175
64954
70921
41524
58075
38795
61838
67291
43327
45756
64940
13276
53652
15607
3126
31969
51045
17010
45018
17038
59431
36948
5219
16440
47169
19773
3668
12626
34187
14257
53108
33824
34193
42005
59343
2562
27689
49150
50401
38971
20858
49636
30493
2204
25920
44312
32284
45193
306
33005
42824
67454
71236
69479
26408
31174
67332
39528
6843
63154
33763
53083
25115
34018
38622
70882
68015
68773
67440
49965
28357
18294
67468
39272
29061
26352
30530
62510
24545
53915
32327
64607
45811
62276
8852
65519
37539
11298
39500
12785
9580
25897
53901
1862
26346
30524
49781
38193
40028
15767
13316
13470
63197
6880
70855
10179
41450
11273
48306
1123
45622
43535
1645
68968
28394
5423
20910
12034
52410
10623
26391
56110
14323
44514
6670
14337
58129
59551
19175
54075
23772
44931
62048
37707
66548
2199
59960
68565
32119
55182
104
23014
37075
48879
31404
67642
18928
61555
51496
60893
5184
33575
60663
38408
62712
14684
69647
20521
26150
68559
11930
69653
17399
14848
63418
12587
892
13841
26622
61569
20253
41652
39931
60844
5153
63395
23969
7744
53256
55627
62935
11703
46883
30915
17372
5635
46897
57742
67681
48662
17366
67859
41120
45346
62921
63381
65928
2628
41646
28828
40558
12550
44716
7778
9755
45408
42367
56312
50763
9033
62909
12236
55169
14653
6314
24948
54277
26187
4503
19377
18069
10435
59753
67865
2614
50777
37934
23941
12544
44702
13882
11
12234
25498
44072
34595
35853
10423
49556
4515
68598
16052
40214
37922
19407
18719
46103
55619
52176
53268
54507
6470
13880
4267
49224
10437
21832
48884
59989
16046
7008
45378
35847
4529
11701
45350
6458
32866
53254
63397
41650
3534
50991
45422
53240
53526
13102
38387
51331
47553
11715
57740
69876
43906
62710
22452
23994
63368
62076
7961
69123
29507
31348
66204
10392
7975
24037
24751
32133
70300
69889
29275
24779
63432
52837
61225
37705
16913
28625
61543
67132
68201
35112
9970
63340
25315
43090
37711
60891
50952
31360
68215
67640
21615
57783
67898
62738
1486
112
63426
44099
54705
7578
33946
22693
45608
19605
3078
40016
26393
58881
2366
41308
68942
25842
6100
15759
24590
9227
50211
36194
31823
58895
56106
46315
4065
57218
40994
51641
43245
52348
13314
56890
18241
49768
16278
67481
18255
65296
15771
7236
12778
53042
55433
70843
2428
60488
70670
36625
51866
27728
33985
68759
39264
1860
62506
24553
15956
45807
33991
61769
62248
64639
68003
56853
68765
23214
42832
54088
55396
71220
18296
27066
57581
47792
19188
21417
50588
38620
12963
476
63142
7593
9421
14255
12624
50417
68188
36792
51709
59355
10755
16324
40162
8059
52566
42775
6060
52572
33198
2206
59427
56714
20682
5569
58739
38973
40610
4111
34191
52214
4139
48264
17760
29856
14269
54895
15177
34807
44338
6048
62499
16318
57422
66827
58705
8071
53650
7342
52228
57350
39489
38797
36962
28584
66166
58088
29671
36751
15188
22724
62300
34146
53863
36037
11488
28209
47816
4878
58936
37329
29103
26230
60503
6935
63022
516
24369
55590
65453
69269
40823
47194
68177
67244
28235
23360
43494
65321
43480
7381
68605
4688
67536
37301
71354
3859
67250
25063
33601
62328
42577
52764
45218
22283
43669
11649
19215
50173
49422
10557
21952
19573
47369
16640
26783
44660
42211
24194
52016
24180
59143
36584
26797
57608
48728
11885
20480
49436
30693
35933
6262
3332
57620
19229
18137
13062
7154
24816
54329
55989
15375
55751
51537
3454
18645
60926
67091
2986
47341
57152
8515
45556
65686
13710
14719
62857
53452
3326
58507
11661
51245
5757
71195
61386
66402
21991
39106
8298
43872
62102
70506
17589
32721
63208
62670
21985
26032
39112
62880
53485
25513
62658
33371
37117
30678
21013
68375
3497
31200
57185
60729
45581
65651
23604
33417
63220
9804
65889
18686
27310
46922
59802
43682
52957
39891
68360
39649
24618
14903
53490
62895
59803
38231
61350
27305
41080
38225
65888
63221
55793
65650
18693
28750
60728
21012
13936
14081
39675
36546
70513
30889
39113
70275
60066
21984
30651
48932
10581
9193
35729
69730
32734
7814
34345
14095
13711
65687
32907
45557
43126
2987
26972
39852
2039
30876
52995
43640
12369
24803
43654
54328
7155
9178
55036
71180
48067
56259
39846
8500
26796
27488
55778
14042
54466
23836
6263
23188
30692
49437
11884
17239
44107
22282
42210
34386
52003
44661
15348
12427
65877
46076
28220
4851
40188
7380
53692
32278
64758
61620
3858
40836
67245
7394
65334
71341
5583
28234
26219
67523
25738
15823
34635
71369
31995
20640
47803
38769
8931
62315
36750
39463
60516
58937
30447
26225
39305
22043
13275
45033
7343
8070
42984
20867
57437
17013
49609
71396
70936
17775
29843
5232
58062
3643
8716
45755
43330
45741
65491
13507
70922
19994
51734
4138
3657
58076
51052
55234
53645
63786
4676
68823
10740
30490
6061
44311
12631
7419
14240
6707
42006
24383
4110
17991
10032
68189
50416
26580
17985
54670
42012
24397
14532
6075
8058
18308
56701
47793
3092
38147
20708
71221
55397
63625
53080
24208
23567
40942
70895
19823
31177
36618
64638
43287
33760
23215
10807
56852
28340
2398
37260
63619
64176
1861
70103
39265
4919
59591
37248
66007
20052
10191
51873
70665
39503
45806
22889
26437
70671
30533
53916
15943
53725
15770
6129
55354
13301
28397
47988
38184
56885
47750
3051
58670
55432
64837
53043
15016
63180
6897
43250
45635
15002
53057
54738
43244
51898
11264
70856
17173
5434
47744
58664
20907
11502
34972
43522
13315
1652
10634
42614
32495
4064
19610
16523
10152
40771
19604
46300
20085
8892
1108
42166
44517
32481
6101
34796
25843
63816
15980
13329
46466
19162
16251
3079
67127
16906
37710
51495
66239
9965
62739
65056
27265
68572
61224
47585
63433
25300
26621
66563
59793
30725
24988
24744
35891
34557
43907
14687
66577
57972
58499
60106
36340
41876
11099
60660
30057
62077
13856
43052
63382
50990
60853
50748
3535
11714
69877
3253
5622
51330
62922
43720
3247
30916
39932
47220
16709
11066
63396
10350
46116
5178
50774
4266
22484
852
6471
33589
35846
1478
42416
9024
26184
59988
49543
69693
48649
68599
19360
4514
36383
21827
10422
34594
53269
22490
40573
21180
47205
31393
23797
1313
22489
24946
7004
25480
27297
48650
46669
62907
12238
23783
44718
31387
41660
17426
6440
13668
23973
15219
44730
47239
58319
56334
49214
46641
49572
10407
11719
29286
4531
16076
7038
6326
9001
66585
51329
2154
57758
29292
40224
48678
56320
10375
55629
32881
16937
67116
29279
67670
48693
17397
71012
61201
23032
35650
63416
52813
136
25457
14852
52807
68557
38360
2815
11094
66234
20261
68219
50786
39730
60645
55826
52191
34214
678
62052
24007
26162
29251
36371
30700
62720
22304
54292
32671
55832
7789
13867
62046
69113
50792
55365
8653
485
41476
11241
57214
51671
17624
70867
11255
58133
33792
23581
45162
55371
13324
66963
25866
52436
8109
29084
10605
66793
38189
31813
51659
61942
54721
12774
44526
7548
14311
40998
56122
51895
16506
61956
27903
16260
67499
39283
41338
49764
66787
6130
25872
37245
10822
58682
31152
70668
67314
27730
19806
28403
54906
6865
21355
37537
40967
10188
4900
37251
17181
49943
32329
20705
58866
69463
46480
24563
64621
4096
5388
17803
60453
21369
66022
38638
20077
6695
15972
66744
71238
68769
18311
8727
15153
35283
26599
47167
58047
3666
40608
59359
18463
64966
22933
13536
25084
7400
15621
53674
7366
34837
30489
11447
57412
44320
13278
62481
6050
25912
41258
68812
16466
40620
49162
14271
14265
12614
33802
27877
59365
19999
49176
56730
50341
55239
42745
8082
25735
20895
10956
27122
36991
30338
3869
36749
48283
16499
35240
23422
33631
22728
21221
39308
20659
38016
27136
65305
25721
26200
39320
36013
30462
24417
268
22066
45943
34162
55588
27678
18488
39446
29655
17963
2587
56095
46286
70734
47198
19782
38994
26572
54682
35268
64741
34176
34610
41700
27485
48042
44678
15351
55775
13046
53462
31581
2008
5767
30853
31595
18107
62873
1273
26957
3464
57176
11123
50619
8519
65852
42235
55749
9607
18649
4323
39687
16102
48718
40344
2034
9161
6252
1529
19225
16116
21962
5029
49374
41728
19543
50625
54443
52032
48081
67062
68351
61413
27446
61375
69729
71166
30884
11692
24629
25523
35730
65107
62668
13091
36239
31556
67076
68345
38572
66368
59198
27452
44877
35056
15386
36577
2949
30106
7831
24173
34360
55952
32077
62898
34406
30660
57823
36211
5940
27308
20467
50180
21779
39136
32063
43842
7825
24600
34413
52796
27309
39651
68378
36562
29442
60724
18847
65884
24166
719
63239
34361
24172
66341
50195
66427
48902
62641
29318
31557
38215
27335
52972
14927
15387
23635
44876
61406
50803
17590
58287
27447
16842
68350
58293
24628
65112
35725
14933
11693
68436
37132
17209
46720
5996
11678
70292
43880
9612
54442
55984
3459
56255
9606
65853
44645
55990
8518
51248
71198
5982
16103
69927
58522
19218
47364
50618
11122
39876
16895
60903
39862
26942
17547
53463
62866
45201
8915
45956
26573
3698
46287
61638
70053
29126
1931
7398
25708
47833
4685
26201
70721
21208
56080
8901
24370
58085
48296
70709
38771
71417
23437
63013
33142
38017
68620
28210
27123
71365
67507
56902
49822
20894
533
65476
6910
48282
68152
66194
56057
10002
61823
44453
12615
52231
14502
53891
16315
49611
31972
4646
3129
31966
14516
6051
42750
53885
15608
54654
14270
52225
45759
56043
28589
40621
15146
53113
1070
18462
2579
58046
4108
68185
16329
10980
31796
11446
41271
45017
44309
43472
8040
50368
41265
17023
51710
27686
8726
22926
64973
52219
22661
62245
69310
20076
39527
26407
66745
2394
62523
25668
62537
1851
41488
5389
36600
45836
27725
40966
6870
33988
12946
22885
23225
49942
68754
37250
28370
27043
31635
17194
68998
321
35335
54907
447
68026
27902
38822
17619
12761
63198
42630
49765
59576
67498
16261
47984
50220
8108
33963
4054
54708
7575
11254
41463
36833
66962
25697
35490
55364
15998
17157
18264
5410
58640
20923
48335
58126
70872
17631
46318
5376
55402
53073
43937
33208
67881
30701
61228
20512
66547
5821
2828
7950
13866
43089
55827
22477
40594
68218
70457
20260
30715
69660
21618
29244
54287
43923
62735
61214
27241
28172
49598
70319
67665
69890
58495
14853
63403
15595
137
33234
44902
9941
63365
39719
28600
645
13696
35137
25324
62709
27255
30729
68542
36358
16088
57759
52621
54250
12205
53259
60693
37913
41885
4242
10360
56335
15218
13669
62090
14660
1448
50022
4530
2141
56453
1460
12239
53503
35686
18714
30098
57003
3511
47210
21195
16739
43076
692
9996
32843
26836
18700
31392
48651
30932
11724
3263
27296
5612
15542
35692
7005
23780
32855
45405
13643
9980
7775
18716
17425
56479
21829
25497
24945
7007
13131
35848
37087
11726
57773
48135
58326
41677
17431
14138
8452
44727
35860
46656
57983
67840
59776
10410
18058
21801
59762
56451
24979
8308
53529
42424
6325
52637
14662
54520
65925
44733
60685
56337
10389
16920
21154
29508
9943
63367
35121
65716
653
62079
23025
61216
28170
68540
28164
63415
25326
13694
38411
70469
21140
64434
21168
41844
57798
19391
57940
43935
24762
43921
63429
46859
60120
36366
28158
48874
67897
30717
41688
40596
18925
22475
34940
8122
53703
49983
27082
46468
36831
31186
57203
48323
1106
53071
43262
486
17633
49029
18500
41475
31192
47762
49997
26388
27096
51100
9228
4724
48479
57559
47992
25871
44525
22878
9566
60493
61955
5348
59206
47038
12777
64839
13469
52353
25865
44257
4730
48486
21430
68756
56860
25656
53918
28414
19811
32458
42801
33020
58859
67471
36158
29078
58681
31637
34767
53924
24574
62521
36170
3088
26405
60450
40780
31179
51855
61996
66021
64636
45834
26411
17814
39531
51699
19839
47945
46483
38149
20706
19187
29044
44294
7365
55206
9348
48531
47164
38968
41515
56069
17753
49149
37483
55560
13535
22930
7403
53111
55574
16459
47170
68193
61809
41501
29871
51074
2209
20855
12159
13247
33197
23384
31970
56733
70092
16317
53893
62496
14500
52555
6721
64781
39492
27860
22918
45983
62482
14514
9360
63944
71398
46534
31964
60295
57439
58939
71373
10799
13290
15839
12830
14299
59399
19965
40810
48294
28574
20128
48280
67263
21236
6912
25050
15193
65474
35525
68636
22071
1933
49808
56928
66633
19959
2584
30313
3842
19781
17974
38997
25078
54681
64742
62333
45940
28548
69272
36776
26565
38983
70045
66627
47831
52582
43100
46078
17551
51504
27492
2779
59158
28979
3301
1516
8254
43672
48727
57607
5002
60915
51510
27486
26798
47372
53307
8526
15352
51538
26968
56257
10202
57149
28945
900
54440
12415
23810
6245
43882
24819
19226
67934
46722
47428
3329
41059
13079
62680
15408
44647
64597
49363
17579
46050
28789
4320
31233
38571
49388
33424
63213
14925
33342
68420
59825
26029
68434
59831
8283
48082
26983
62131
44690
32706
3498
28986
39653
70535
20302
2786
26015
60040
43699
34411
34405
43855
23179
62643
51289
57820
70247
38559
46093
62125
13904
71158
20471
51288
30662
42592
62642
65893
34362
38558
20317
28993
30110
67048
3499
65887
59818
50182
69703
38202
61377
50814
61411
31226
9822
35040
15390
64569
732
63212
25247
28763
50800
38570
31232
68421
57809
15409
54333
62681
5759
2036
58509
70285
16100
50155
28950
39685
11109
40420
52024
44646
55993
42223
65844
12414
4335
50627
16672
56256
66395
56530
10565
62695
56518
11653
48726
30845
22299
13044
23187
45564
53306
16882
27487
5003
37694
28978
47367
41716
39875
14059
12428
65878
35097
53312
62871
5771
38982
26564
40839
62326
64757
63038
54694
35518
24415
53845
58910
39322
50394
60257
47824
21579
40193
22070
6085
24367
34174
64743
25079
20101
23420
35242
63004
58092
48281
27646
21551
49821
25737
53879
42960
62468
47818
61161
68623
21223
37441
66168
19964
33627
54864
63010
8719
33814
70939
2234
59415
68810
49606
42747
54125
50343
11479
2220
4889
17008
5229
59367
2546
38955
39493
33800
14267
52232
27685
53104
35281
25092
64970
22925
1067
6708
43471
12158
57404
40178
41266
10983
68838
9349
52568
43465
8731
15145
43303
1073
24398
13534
5215
51707
27691
41514
47165
68186
48256
50586
6683
44295
49969
39256
56849
58864
38148
26362
70124
19192
46496
12979
6697
52385
24213
28429
3937
50592
31178
45809
12789
34028
33747
444
38612
11280
48493
67470
37247
27054
47978
61001
28367
15958
62508
64179
25643
61015
27040
28373
20049
38606
67302
21357
26438
23540
6898
58119
38835
29938
46327
31811
68964
25864
14461
54051
6132
14475
10613
20908
50551
4043
14313
42155
54737
44524
53058
57216
3704
58125
36824
55401
15025
25680
34955
1675
18267
37284
26389
68780
48450
46469
5407
18273
51115
31839
66961
4719
34941
12038
1661
13326
55373
45606
64810
22845
493
29910
17626
48875
66550
62736
24005
13871
5188
16909
60653
38438
66222
62044
25469
34564
57941
69677
15582
65065
28165
61203
38376
39068
18918
2803
646
44901
11096
21155
36429
68233
38362
71004
37051
14850
35646
16074
67855
49570
49216
10363
19421
70497
65924
9771
63399
9765
59011
70483
4527
49564
12206
41110
18065
5611
13130
62911
7006
8335
15541
8453
53272
65918
13656
45410
5177
37938
11055
54509
23959
23781
55171
24788
14893
41104
37092
21810
38399
57986
16064
57038
28834
4245
42353
9761
62097
12570
23975
19425
60858
2620
16070
4537
29280
42421
67879
5601
48642
3270
8325
23785
45400
8443
31381
3516
46109
59029
39905
31395
51461
55607
45414
62915
27291
41114
37082
17352
47565
58445
19394
26164
60131
66540
11910
63438
24015
30060
26602
39722
67138
70444
50958
30074
50780
36405
32663
23008
43924
118
29243
26170
57789
30712
46684
130
67662
28175
37055
57979
69129
38400
28613
16925
18908
55808
25323
50964
31356
59940
69883
11938
66568
124
25445
24983
15009
9563
62281
61788
36808
70685
50233
31801
17178
65288
9205
64196
42623
14465
1895
44252
54041
19141
4735
39291
47983
56130
61944
8669
22869
42145
70861
49038
5365
3714
8641
497
8899
45164
53706
34945
48440
47773
18277
37294
49992
40008
11521
4709
51105
37280
41316
55363
45170
35497
53712
43267
22855
41470
36820
70875
18505
47001
61978
29733
30262
51688
32475
45825
22100
54096
46492
20717
27078
56681
47954
2393
29055
39246
61039
56695
2387
15960
32461
26414
37519
23544
13487
22882
6877
12799
21353
37257
49945
21435
48483
67460
68753
35440
34986
63606
332
65277
22128
326
53909
37243
28363
27050
67474
48497
56871
61763
20059
14263
12612
4133
38789
56050
10763
71389
49616
4655
50347
25900
62493
34819
44326
45038
56722
46531
38945
19753
39483
12606
47161
61818
29860
70915
33838
43307
34831
32298
51065
4669
18317
20850
66805
58733
57400
54109
34825
7374
291
1063
35285
11333
50409
27859
29874
69288
18471
70901
20105
56093
29647
70732
44497
32501
54684
1088
6081
26212
61159
66636
36015
27118
38038
20677
52587
63982
15814
22706
32515
45945
8906
24377
63014
12835
71410
61603
31034
67272
48291
23342
65317
62478
13281
33151
63766
49825
30458
17781
66178
71404
28571
48285
67266
34158
23424
62691
44130
54323
46727
56534
28798
49372
16676
40430
29486
11119
54445
23815
43139
1249
2754
39859
4325
60092
5985
49400
62685
8279
69920
50179
1513
33384
45212
8251
43663
23829
43105
54479
9629
32924
1275
16892
18667
26951
68380
41706
59149
16886
26945
5007
53302
32930
13726
23183
6268
8245
62861
17226
41060
40395
60045
52949
62134
41935
70530
18840
38548
67058
70524
19592
16879
69075
32717
24613
11870
48905
40381
4480
32059
25525
34428
11858
71174
46900
30896
16689
30128
16851
63202
67064
18868
31222
27440
28773
50810
37653
49399
37135
57819
46914
33353
65115
49398
38561
37652
26987
18869
68356
737
65114
9199
13082
33352
59835
11695
38207
67717
27333
66409
43879
23155
33346
63217
23633
65666
37646
29478
54493
46097
61428
16878
47389
36570
48904
69712
20474
7188
43845
25518
26011
30673
69060
56290
19587
28982
7822
3477
40419
11130
46068
5006
26944
2769
45207
1506
33391
7163
56509
5774
11642
3463
57171
26788
51500
26950
5012
37685
16893
1274
45575
35092
46054
26978
2755
23800
44125
52747
10560
56535
67930
2027
41049
30868
3339
40357
54322
13069
65699
904
44657
7639
19544
50622
46040
17569
10206
71363
58929
20892
33150
23343
14289
34159
15197
68154
67267
31021
71405
27657
20138
40814
17794
23431
63015
35535
11483
49830
63983
66623
69510
29652
69276
46295
8907
22707
34171
62337
70733
30317
20104
66151
46281
37478
5589
61158
60246
42959
24404
62451
53854
55216
25929
43474
54108
3113
31784
51070
20689
17025
48247
11332
33839
6719
27694
5210
3661
46518
1710
13257
23394
45011
49603
1738
42756
52545
7349
42030
59376
29849
67298
38944
8708
64785
9416
42024
52551
12175
57429
68801
28362
71217
38171
34993
8697
6862
54901
37524
20058
11285
66019
19815
11291
31141
6876
63161
34039
15949
34987
56864
47969
27045
38165
53934
1857
70135
10819
3098
40790
63149
43299
34011
25108
6692
50597
60332
38159
18289
1843
35496
17151
48455
49993
47000
61979
17637
10158
64801
33959
23586
45603
47014
56119
5402
17145
8126
35482
9238
59564
47982
66794
50226
16273
20919
1894
9210
52357
54726
61945
18538
70684
27904
5358
6651
33971
15008
12767
6889
45159
9204
65289
1658
19154
40021
29097
66958
27535
32886
65706
25322
13848
24982
52814
32138
23035
48694
27247
68550
24996
15593
25450
14855
33232
8481
70451
29524
27509
69666
57950
60124
5833
70337
43931
34561
20514
66541
48864
29256
39045
41840
5199
66227
22465
858
15222
680
51460
17435
18706
58322
30934
50018
69699
27290
1472
24941
14882
35680
69855
30920
17347
41101
67878
3517
15236
23784
14128
55612
33597
10366
17409
16717
28821
11078
63388
44737
24
6321
62928
54242
58478
39092
67850
2147
41129
39086
66582
67844
52627
53539
12565
14114
49207
70486
50756
10402
46644
51338
4534
50026
54240
14664
42422
9776
866
41895
56331
10364
47228
5158
49205
61589
42350
7997
44047
45359
67846
4520
16067
46888
29297
1470
46678
30936
11046
60867
18704
10358
32847
9992
58334
48127
49239
5164
41665
41103
48641
19368
26198
54268
35682
62902
43927
32106
67891
2186
69102
18923
60640
2838
22473
13876
63349
34211
13862
42393
62043
18937
26601
39047
2192
11913
69670
62725
44084
67675
58485
69880
61204
71017
65062
23037
63413
35655
8497
9951
61562
39709
2804
21146
38403
50973
21152
35127
13686
15591
48682
16098
71003
17609
46320
16517
50542
54724
44537
7559
33967
9574
10600
55348
9206
8118
44523
51648
46334
16503
4044
70686
60495
7565
12995
22856
36823
48331
58644
27090
43502
13321
6109
8124
7217
35480
43516
51674
4078
11250
57205
40779
32489
7571
40792
60442
69300
20700
19181
1855
32304
24566
23209
1841
54095
37268
29056
36176
70645
36610
26403
66027
69314
52382
6848
64630
68022
42807
33026
71215
37240
10827
67477
37254
71201
4905
67463
25888
54917
33754
24228
6874
67305
31143
38946
16463
56047
9400
54650
63942
52547
14512
53881
18328
46532
59406
41249
5548
70094
62490
45749
43338
11318
39494
61827
10006
56053
47176
46268
59348
11456
58730
3111
34826
53665
1706
42768
43462
8050
23396
286
57417
3105
26588
57371
3663
68181
37485
18466
17755
41513
55566
54693
24374
34167
61628
38985
60536
39325
36016
31779
29136
30467
47837
58917
6096
43489
32270
34615
52590
62453
15803
1935
68618
60244
20106
46283
38991
51927
55599
28572
31023
70719
35245
63003
24348
65472
65314
28214
71361
68624
10947
49832
23355
65300
33146
13296
12188
35251
25042
63017
23433
27655
19963
61600
58081
31037
68142
21224
11668
70282
10576
35906
62686
65857
42230
10210
4326
29491
66392
49371
19546
18880
40433
9616
12375
50146
51258
10562
67932
1504
15432
43674
30842
18116
41063
68397
11132
35084
8520
43106
60907
68383
57173
8252
32099
24610
52786
26007
36214
36572
41922
28994
18857
23619
55957
45588
63229
55943
18843
31209
30117
69062
57832
66437
70255
52792
38205
61370
14089
9825
35047
15397
48084
27443
17580
67073
25240
8291
71177
28002
61364
31553
11683
70269
35052
9830
26990
20339
39668
67072
2965
67714
46902
31552
61365
13095
14922
25527
8290
30880
30658
28017
37137
15396
9824
25255
66350
70532
19584
55942
63228
65881
1288
62650
33379
22274
21769
70240
48907
66422
52787
62644
32073
9818
7835
46094
51503
41710
39873
8535
35091
43107
11899
69922
58527
41062
51271
19209
48720
53466
24836
55017
35085
47375
18671
51517
14063
55981
44654
907
65842
50621
28942
49370
46043
71189
19221
60084
12360
52744
62687
1539
42557
10577
17218
49402
16106
19235
28956
47349
46057
41738
44898
913
8092
34628
23354
21225
36759
28567
63002
35244
22738
19976
20649
38006
37335
71360
27126
8086
63764
13283
66634
51098
30472
40195
4694
25719
15802
278
62452
6083
19786
70730
38990
46282
3845
51932
20113
8904
32517
35278
1920
32271
6097
31778
29137
70042
39324
57416
51067
17032
1713
45012
7362
53670
22937
29862
26589
2568
70903
51715
4119
43311
13240
3110
5561
18315
9373
52552
42999
12176
31977
2540
46241
3886
61826
4131
50423
40630
29686
65498
9415
45748
27867
60292
70081
49600
56720
14513
6054
68989
37255
69329
70678
456
33755
65513
35330
63176
65507
38614
30248
19802
67476
10826
60319
71214
34748
324
33027
1868
4938
56683
1698
63638
64631
6691
17807
39522
20067
70888
51846
53089
32463
24201
53937
62532
19180
5401
57562
34947
25692
42609
13446
55413
15037
32488
43271
40778
21392
17620
36836
48330
19619
20098
51661
18507
9549
53076
25686
52426
10615
2352
59573
46453
18249
56898
39287
61952
51649
12764
1129
14301
6646
43259
12770
11279
40750
4051
50543
31817
4737
50225
29080
13308
8482
60669
35640
132
23022
65077
52817
69659
17393
69881
46862
48697
21147
50966
20259
9788
35132
51488
20271
55836
22300
32113
55188
34562
43932
38358
2193
66556
48873
56495
29241
19382
62730
33219
52195
55822
2839
70452
26614
60641
28639
49238
57006
3514
58335
43073
15235
697
13122
8327
24956
19369
51311
17344
40208
30937
59981
46679
15547
62917
7000
21184
11047
57012
15209
33
13678
41658
61588
56324
16700
40546
37916
39085
17378
49562
14671
52630
14665
44052
39091
21806
2144
59003
56330
10365
18739
27
14103
9777
17337
41171
67808
11746
69825
47500
21685
16029
48633
8354
13637
25385
11020
68291
39960
52119
45465
53207
53561
55110
23086
45303
49539
41165
69831
57707
31482
24919
43982
14602
18038
69819
16773
28845
4234
18986
56357
66294
40
42322
65945
55886
65789
16767
4220
18992
59070
66280
56425
3229
40247
62958
12267
42450
52870
63475
11785
59925
67613
21646
28104
61504
16954
26897
70409
63313
9923
33530
62019
41818
48182
52864
12298
26115
70353
57934
43941
52694
64440
33518
18945
30005
38459
66243
46193
70421
44784
7932
52680
68508
51389
20570
69399
5314
41415
38868
68087
7503
35394
15044
45673
13353
8156
47702
11544
41373
18206
4778
31680
20955
41367
17121
31858
33097
394
34920
53763
44579
8624
25193
42108
51612
37597
41401
70804
3771
57263
44551
45897
64859
36879
50524
60381
40051
56633
6147
52441
25811
12065
40045
46352
3995
38840
19656
4022
50530
44545
34049
23535
14399
45868
31131
21322
48394
68044
59299
61706
30549
37226
67411
68722
62569
13390
35425
37232
26459
23521
51821
68078
39551
69366
30213
54781
29024
1199
22603
32410
70623
69372
28448
11356
41561
51772
45707
1006
33691
33849
53165
7311
17041
37391
5506
18372
57465
47676
47662
19078
53617
13233
25959
9328
64905
43362
27828
47104
51766
17733
29805
19736
4142
70958
59312
47892
2255
4624
16363
6033
54144
1748
9314
31910
39394
61841
16411
50444
60587
59306
5248
49115
52253
6741
13569
12844
33652
20148
48586
21530
35545
42915
15695
34883
68642
10921
60578
35237
8793
12850
13596
20174
60550
32570
63059
12878
6796
34101
42097
62347
22005
56784
26277
49868
29144
19087
21518
47845
53830
34673
30373
69206
68118
26511
69951
58554
27380
21929
17243
45263
24689
14992
24851
55716
32955
5062
41763
31284
48021
21097
60961
47306
8552
53373
9894
65819
784
33487
45277
1576
43606
62810
68483
16149
14776
46756
2731
56223
4340
65831
42256
14010
6543
51558
37805
70596
29385
40333
10504
46742
12313
43809
34459
27343
59689
11829
71105
37150
60008
69992
58597
67001
37636
61470
30159
16820
28716
753
62179
32996
64508
24138
65602
8591
35035
63273
37622
27431
57868
59845
30603
48960
56586
25568
43835
62145
6594
40482
21068
29420
67029
61458
24104
35009
45288
43821
1589
46781
39155
32767
52093
34316
42280
44829
66336
18824
60747
19284
11800
20405
48975
24663
43820
63528
54390
5922
19290
11814
67982
4382
29435
34302
69039
68327
11182
55918
32983
63514
31534
69987
67772
68441
57869
48949
27356
67766
17281
59688
28071
27342
43808
14788
25555
63266
8584
65617
2917
36529
41992
28924
57128
40454
2724
23871
8209
44154
35975
10505
19247
67941
19253
62839
45538
65830
12460
63299
7648
70583
4341
19535
50653
11169
59111
32940
785
65818
8553
53372
3406
31291
2718
51565
60960
5077
5711
67969
57672
59887
15441
45276
62805
25596
24688
13024
51217
18171
37192
3374
21096
19509
31285
26921
23681
13742
33492
43175
7674
2283
29623
26510
39430
3823
19938
8976
6783
64723
22776
32565
7489
45921
17901
40859
56785
47850
39342
10908
60237
35578
1946
64051
62420
28267
16389
25743
62408
23454
32559
6967
17929
67202
21257
9498
8786
35222
24449
70018
21531
31722
47887
68864
31911
66691
49672
6026
14561
54145
12676
62391
29838
5249
2526
61698
3638
19723
2532
62385
42055
9301
42733
19051
13232
35593
19079
3162
58743
68858
36924
47105
21280
587
22951
43377
12886
51773
70965
2268
12138
53602
62540
2491
30206
37569
63138
32411
34060
1198
8802
19858
66054
49909
26316
4792
38128
58804
30574
34712
64125
35342
28475
51808
17691
67376
6807
63110
33727
13391
23252
65207
8194
35430
31656
36139
68723
21445
59515
40044
50257
48418
4745
19131
44222
54031
53986
6634
44544
27961
38841
39593
16570
19643
47059
40736
64858
33900
62597
11579
19125
8143
395
46409
41366
31681
4779
70805
18575
5301
37596
45666
35381
53010
11223
18561
49048
5473
11545
47703
15723
45114
46192
50928
57921
66524
20571
50096
5842
22366
43954
43798
34510
30776
36307
59918
46838
40291
29227
26672
60627
28887
66256
61539
65987
58390
21135
16799
68253
38464
13839
63306
63460
52865
35626
8382
34538
27222
31454
25421
14824
140
24059
23736
35154
55878
22428
67174
48197
40520
16766
39785
44746
54555
14171
52642
62781
13178
15509
62959
30979
7
60196
59717
70391
56430
2122
59703
44752
23911
41
46145
51439
56356
10303
29582
4235
48168
7714
18777
60814
39961
41602
47515
56418
55111
33294
22399
53560
13150
35829
8355
53574
47501
58421
31497
11747
41170
18005
60800
5117
47267
25384
45470
8343
51375
2108
58437
40278
30947
16758
58351
37796
18775
53204
45472
43003
8431
50719
58345
39977
17452
60802
20598
181
4545
16002
12264
6434
65952
12502
8419
56340
38499
2646
66297
14167
44750
14601
43981
52654
19325
21651
35624
63462
63304
16943
17485
67162
31324
59098
38472
26894
37741
68245
23734
65761
624
62768
65007
31456
30990
67610
71072
28107
10498
24715
52683
43956
6391
62998
70344
36311
50094
11976
48803
69173
36477
41827
18952
65991
22402
7931
62026
54580
44793
39988
57089
26670
4592
66532
6385
22370
53006
43215
64872
37594
57260
48426
50269
20956
56618
51177
397
22199
383
43567
34937
8155
7266
48432
41370
37580
51605
59259
3766
48354
15047
43201
13436
34089
38843
19655
65588
10671
56624
46437
4753
40052
2322
59503
6144
62595
53990
8169
42123
51639
58190
36649
61711
35426
27022
56803
68735
20995
61063
68721
39208
26328
42862
8196
33043
15084
63112
38670
61705
36885
27750
62224
24271
64655
19696
38658
66042
30204
27778
58812
69417
68709
40085
34704
63884
62542
53947
43598
32361
7299
1830
24503
28339
70152
60341
51822
38894
26472
36661
47098
56195
24265
64899
44591
6839
54782
32407
23495
33686
22953
4169
58027
36926
70973
58999
41210
3160
36098
47661
68682
44368
45076
15655
25796
13224
11433
48220
57300
3612
64912
15133
16412
61842
46225
44432
18359
68866
49664
46557
67599
44340
15669
25972
9303
6756
52244
62387
44426
16406
19735
40640
11369
2530
61665
37423
69239
38710
63072
22748
8948
24339
13595
58782
21527
27156
60209
58796
10936
38062
17081
14588
34658
63066
54812
12847
552
27624
37437
3809
21255
45937
34116
62350
42080
8974
30370
20163
66136
66888
70032
1950
63728
54190
25769
32215
36073
66644
58972
47852
4182
61895
34102
62344
8960
9129
52708
55067
13032
62813
8237
3362
51567
56208
3404
11143
21080
47305
22589
8551
15325
55701
33484
32956
51573
10249
3376
11631
18173
45260
14749
35787
8223
4431
29386
59661
21902
46741
9115
52734
54345
44630
42241
13768
5049
56220
65832
62185
6554
42533
12304
39181
57658
56546
27354
61301
37147
67770
68443
31536
25543
63516
35750
12489
60779
21043
37621
16837
50876
61473
65615
24891
33335
17283
37153
71106
31522
32003
24661
67994
18198
57857
19286
21719
40495
68319
50686
69007
778
34314
64523
9868
62146
52085
7689
60751
36517
41947
48963
67980
30600
36271
19292
54392
20374
41946
40480
63259
32770
65628
24112
62621
69760
2082
27369
62635
25218
32764
42283
779
20360
70557
23899
25230
11195
68456
37152
61314
28072
33334
22239
35745
62609
5909
58581
17296
61300
27433
61466
37620
9855
8593
65600
745
13796
44816
50650
41985
60793
50888
10274
56547
57659
50136
39180
42532
12311
54344
14760
65199
52735
2041
46998
28927
19522
40457
58218
37807
59106
49315
13769
65827
47310
21095
48023
11156
55714
53403
24853
43610
62812
1574
45513
786
55700
9896
8550
31292
18600
26936
60963
46595
209
6794
64734
26507
30365
26513
60546
70755
36700
67229
69204
61658
8975
65358
34671
53832
24462
4829
56792
37378
58967
19085
31709
42917
28270
21532
68654
49842
58797
68132
28516
22985
35221
63067
24338
22991
8949
8791
6964
20638
38077
49856
35553
15683
65364
42730
44341
19052
49665
49103
61857
6757
46224
59304
57329
61843
50446
50320
39396
40133
52537
12113
47674
49881
11432
51016
15654
53167
8746
590
12885
23480
36933
3613
51764
11340
47106
15126
8752
55502
22952
55264
25783
35590
15640
53615
16349
36099
66876
57473
17057
58998
18364
60340
36106
50283
20764
66731
58807
42687
52494
32406
54783
69364
67349
39553
51823
3798
29740
46393
69370
38659
19697
39547
26467
29754
32412
34063
369
58813
30563
9289
42863
10843
56816
68720
71271
61704
48396
70609
27989
63113
427
8829
33730
433
68052
4961
61076
13386
35427
1819
8168
53749
62594
52457
25807
6145
49711
2323
60383
50240
57249
66094
51638
52331
6623
65589
9504
12701
64697
7529
19654
40721
56143
46436
31866
59516
2337
41359
3029
50254
54032
62580
51162
30588
21485
55304
34088
14358
68085
57275
19668
18576
55476
1164
64873
54768
43214
396
5464
31682
11552
29542
41832
28884
36462
20200
30013
2684
34275
81
13812
44792
65984
53588
22371
62755
24700
38329
66533
67639
50095
26103
62741
45498
63339
31319
26665
19495
69172
56382
44976
32638
9935
37998
31331
38473
10499
71073
37026
67611
8395
33240
62769
63463
28112
69628
70379
68536
21650
46813
11793
31443
26881
38467
33532
802
66296
46146
41629
40537
18984
19442
40251
45329
9074
14600
52655
62796
12271
6353
14614
9060
19330
57739
5882
10472
56341
10314
39786
8418
54556
65953
55648
42334
52127
69199
51406
27590
3565
47264
53211
32823
9048
54218
24927
7065
62972
21687
69827
20599
47516
30946
58436
45301
8342
35180
1366
42308
55674
32837
10328
41601
44999
54552
37977
3549
40527
29591
58368
19452
39782
46156
10476
67826
46630
5886
54234
42456
62792
10462
49517
70396
60185
57729
5892
49271
50708
5104
26846
56379
1362
25397
43774
7075
15532
8346
9058
23080
13143
190
41163
51370
17325
18016
19308
11754
11998
21683
47506
69823
8352
23094
14638
42318
44769
15240
51402
26852
5110
41611
66245
2694
57098
39741
55857
65994
54591
609
52686
26107
70355
67629
50085
43947
65980
32600
1389
24062
65758
85
37778
28658
70433
36466
39755
28880
63301
50913
16946
61516
67167
30981
59937
36328
30759
61270
59923
21898
38311
37022
20238
50907
39769
68240
15283
63315
9931
44972
621
62584
55328
42654
6155
63842
52447
14412
44225
54036
46432
68917
48379
19650
45891
64687
9514
52335
2441
56153
17669
27972
40731
38852
49715
59506
68903
6141
52453
54022
11556
66906
3011
47710
51172
41361
13341
23282
45107
44219
8622
14348
37591
29977
40719
27796
7505
13355
22188
34932
11542
50278
58817
47937
40080
63659
52484
62221
32416
44580
38885
29988
17872
51827
2482
56190
3944
8811
62553
24506
23269
51199
71249
39231
63665
33052
351
28314
20990
67365
48386
21330
31123
37552
35345
23533
36658
31137
19863
27755
61700
30229
71275
1809
32358
345
23255
44351
6021
5528
67588
47658
29181
51984
2521
1028
42046
43358
52241
14214
33873
57339
50456
70786
49107
56027
38098
31902
19056
54156
12103
1982
14572
27190
66872
33683
13553
19718
57305
31080
46208
36937
41567
55512
14228
12881
12659
34846
8024
7317
55274
47670
58963
66655
23309
24466
53836
25778
32562
42085
40692
51947
26517
70751
41598
61648
17906
24314
6790
31719
29156
14599
68644
21522
4811
30349
28506
543
33654
38701
19917
68888
37354
71301
38067
966
44635
62194
7883
50640
16615
37803
50126
16173
57891
67952
59664
12301
40321
29397
46750
28089
2051
10270
19532
47328
16601
41981
15308
9662
52043
62180
39812
60967
26932
48033
47300
58220
31296
13989
53375
782
34488
58546
57675
68485
17251
59658
57661
30822
5702
18176
27386
35782
62802
53407
54368
22598
796
41765
47314
60740
30177
34311
62157
7698
34477
46787
67991
2086
70235
27379
67985
22201
54397
62625
34305
769
70547
18837
29432
69016
66325
13792
63275
21046
2904
37624
49488
48796
15485
63513
52916
63507
33330
65176
17286
71103
28076
27345
31527
2910
21052
67007
66319
65610
44806
67760
46976
29369
28077
33331
52903
63506
32749
63260
12499
32991
65611
66318
28711
11190
38516
50866
67012
35032
33443
740
32985
65163
33325
14942
31532
69759
17293
34462
24671
64255
22200
60033
5924
2093
56581
69771
60755
36513
70546
13963
60741
39634
4390
67748
39152
5930
2087
57853
9139
48740
26099
69956
11635
3372
57106
797
53360
9887
44608
48032
51563
30837
11621
43601
14981
12328
62817
10517
56542
17278
39185
44146
45258
42251
58209
37816
16614
4353
7882
44634
53348
54341
12314
35973
42523
21906
10503
39191
29382
57648
67204
12843
13585
22980
35542
65375
71300
21537
10932
56967
66668
37341
59498
28261
4810
27152
15686
65361
65407
13591
542
33641
25023
6961
64719
68123
29619
11386
3819
34106
62340
45927
61891
4186
60557
30360
5298
46590
66640
31718
22002
32211
54194
15876
64043
22016
54180
46584
56797
68679
70036
39350
36705
50480
60543
26516
17913
40693
70988
20167
62354
53189
32588
43371
23485
59329
36936
70963
46209
3616
58751
3170
16358
48542
68692
42709
44378
34847
45072
20826
49890
50319
5515
69598
18361
17734
47103
58023
11345
8757
22957
46235
60594
54631
42053
62383
14573
25976
1983
29194
50331
49660
68876
40136
56754
42721
9475
1029
42047
62397
16416
50443
17697
40917
15080
6801
63116
33721
65201
68731
71260
42872
22638
63102
65573
49099
37553
69349
67364
70618
22610
62234
34072
20007
56191
2483
36665
15902
62552
25619
36117
3951
66046
51832
29751
64651
33709
22837
53016
15043
3762
5313
37584
41374
50279
21480
31693
3004
58625
7262
55301
45106
23283
13340
5461
58631
4019
46369
5307
59249
22823
35387
53002
38853
61926
16576
49072
10107
9515
6626
43239
12710
12076
25802
42641
62591
2326
4743
60392
40042
52446
63843
64692
12704
40724
4025
50537
21641
8390
63472
15282
68241
58382
50906
37989
65771
9924
63300
14836
62778
5878
68533
30980
21655
67600
35608
62750
52693
43946
41189
5850
67628
41837
36467
31308
26674
65759
63328
65981
62022
25369
39740
26660
66244
38338
62744
13156
55103
23095
4569
10339
3560
43007
13630
32832
39967
16984
51417
48146
57066
21696
18017
51371
41162
43775
19321
51359
9071
12512
807
47
9717
39797
18981
46157
5139
67199
4227
55895
64490
52122
35807
62787
52644
40240
11769
16006
4541
19335
2130
60838
28698
59061
65798
52134
7738
12510
54545
54223
43987
13168
2126
30969
19323
3238
56420
70381
54237
9067
14613
6432
51
52120
57058
48178
39781
4225
51429
55667
53216
11025
48150
37784
60804
21858
18001
30955
44018
23083
47511
30941
69834
3576
18773
2668
45460
8423
13815
22410
62034
24061
46182
18940
39030
36303
29223
26110
51398
34514
43944
23068
24707
22376
62746
63458
43788
48805
66520
29551
67158
70424
47288
44959
61501
50904
31336
41809
64479
62008
33247
13197
14820
25425
30996
31450
59934
21657
26138
28115
37035
20549
33253
22438
63302
636
37753
26886
49299
28673
31322
58394
68257
60384
68900
44232
54747
8609
9517
42125
55459
3984
10111
46357
29948
66087
3748
29790
6630
13418
1639
62587
9265
14411
45138
7248
60390
40040
4999
59511
32398
3006
40068
57514
17130
2318
36840
29960
51603
48352
36698
35391
53014
64860
7512
22821
41404
17642
27959
58155
23281
34925
54009
1836
24505
39232
19684
51824
20005
65559
12909
8812
22612
62222
44583
36673
60435
69411
20777
27018
49919
36115
24511
23256
63114
6803
48391
68041
26448
21333
31120
60409
66078
65571
63100
35420
62578
15928
23242
65217
28317
27024
49925
56805
28288
2250
46551
39385
50333
1981
44346
7328
14571
25974
62381
52242
51993
61850
49104
61688
40652
49110
59303
9477
6744
33864
52530
14565
63935
56756
47883
4635
20818
40134
43415
35583
55277
27187
49886
66865
58035
11353
48226
47115
17722
5265
56018
1003
64914
43373
33680
22955
45716
43367
48232
5271
70975
10059
31929
5517
48554
68684
58747
20824
3166
55263
22000
44385
49879
46592
30362
29633
51950
68109
32575
8966
62342
24317
6793
45931
42086
24303
28539
3199
62430
32207
36049
58790
49845
30438
47868
38064
17087
33131
25753
25035
554
33657
34138
65411
40861
37431
17939
67206
20159
37425
28505
27636
51978
67212
6963
33643
65363
24459
226
70008
56971
17093
49689
59115
4345
57138
37814
12464
971
6552
9661
4423
2052
56540
47459
46747
57892
13008
54343
23875
7658
7880
62197
1229
10267
19525
40450
11179
43171
12458
15337
53362
32950
795
21092
37828
47471
48742
59897
18175
8225
62801
14997
53410
69940
11623
3364
30835
37182
49448
27391
18607
48030
43165
1215
33482
52083
24115
22564
41941
18834
16819
37169
2091
26064
60031
39144
19294
64257
24673
62632
19280
50680
36505
27408
20367
69001
24101
32763
70578
11192
27420
37633
33455
55908
63504
25551
65175
57879
17285
26058
39178
11838
48795
15486
14940
33327
23134
34448
62168
44811
25223
21045
2907
50864
16831
38514
23135
43819
14799
14941
68444
59699
61306
38273
17290
30149
10299
11187
2906
68322
8595
25222
63277
8581
25236
23647
70579
31525
35743
19281
68478
70237
57850
20400
23109
43825
34475
32004
54381
22217
22571
13974
42285
69000
50859
40492
21078
29430
70545
36510
6590
32010
63539
44186
70223
19295
59869
46949
60030
56582
2090
66441
27390
37183
48757
59882
69941
25587
35794
1572
55706
1214
9648
32945
7665
23848
57111
37829
57105
17521
60971
2709
32951
53363
32789
9884
30820
3371
69955
54342
15478
9112
14766
19242
67788
40337
58578
19524
28921
50642
46020
49313
59100
62196
44637
6553
60795
49307
67944
59672
38298
4422
50130
44145
35964
9489
22997
35233
39409
28504
37342
61104
4813
28262
21520
42905
34893
64068
15849
17086
30439
67207
60568
31041
38703
40860
63061
40690
26515
34111
6786
45930
43399
7498
44390
1957
64040
54183
62431
61138
47841
60226
67549
39353
47855
49878
60232
1943
24470
15875
34663
54829
62343
50497
19929
3832
69216
10058
51762
31096
6779
64901
582
45071
43400
34850
57475
58746
20825
58752
18376
27186
45065
54168
22798
23486
64915
56019
44435
33865
62394
49111
46222
50440
4152
61845
51986
39390
19040
31914
63920
9304
52525
40121
11408
39384
19054
66680
17079
56743
5258
19732
38924
44421
62380
42050
25154
435
14389
40900
36896
27743
68732
29008
71263
353
62579
42871
22149
42865
11583
61064
4973
38111
58183
63115
33722
69376
19849
60434
39541
62223
54949
53940
32372
21468
36114
70141
40082
30571
69404
52492
62551
1189
8813
40928
37578
29746
36666
50508
70800
64875
7513
43574
9258
23280
390
51170
10892
48421
11554
58632
33087
384
45677
33939
61919
5310
64691
29791
16561
39582
49065
41439
36869
56145
70182
60391
12061
44227
6143
14404
51158
46424
50246
70196
38688
59262
55458
52337
45893
35623
63465
14835
23041
27227
59935
68530
67165
31323
50911
27541
65772
24048
62009
25342
31337
27555
27233
65000
46829
24712
43951
93
44958
32616
55855
35179
39743
69174
20212
29544
69160
46183
13814
32164
42483
24706
57930
4595
48623
5660
30798
33291
15256
45461
32831
16987
37791
46168
40519
11030
16993
39970
68281
25381
43762
31492
5674
62784
43992
70380
18028
46632
59712
39958
51428
18996
65955
64493
55896
42332
54544
52135
10306
28699
49273
19444
39794
11018
40531
58418
70394
61299
2127
42440
13169
6341
44031
